const matrix = [
  [1, 5, 8, 5],
  [4, 7, 2, 0],
  [3, 9, 6, 1]
];

function transpose(matrix) {
  let transposedMatrix = [];

  for (let column = 0; column < matrix[0].length; column += 1) {
    let transposedMatrixRow = [];

    for (let row = 0; row < matrix.length; row += 1) {
      transposedMatrixRow.push(matrix[row][column]);
    }

    transposedMatrix.push(transposedMatrixRow);
  }

  return transposedMatrix;
}

let newMatrix = transpose(matrix);

console.log(newMatrix);      // [[1, 4, 3], [5, 7, 9], [8, 2, 6], [5, 0, 1]]
console.log(matrix);         // [[1, 5, 8, 5], [4, 7, 2, 0], [3, 9, 6, 1]]
console.log(transpose([[1, 2, 3, 4]]));            // [[1], [2], [3], [4]]
console.log(transpose([[1], [2], [3], [4]]));      // [[1, 2, 3, 4]]
console.log(transpose([[1]]));                     // [[1]]
console.log(transpose([[1, 2, 3, 4, 5], [4, 3, 2, 1, 0], [3, 7, 8, 6, 2]]));
// [[1, 4, 3], [2, 3, 7], [3, 2, 8], [4, 1, 6], [5, 0, 2]]